-0.1966
-0.1799
-0.1628
-0.1453
-0.1273
-0.1088
-0.0899
-0.0706
-0.0508
-0.0306
-0.0100
0.0110
0.0325
0.0544
0.0767
0.0994
0.1226
0.1461
0.1699
0.1942
0.2188
0.2437
0.2690
0.2946
0.3205
0.3467
0.3732
0.3999
0.4269
0.4541
0.4816
0.5092
0.5370
0.5650
0.5931
0.6213
0.6497
0.6781
0.7066
0.7352
0.7638
0.7924
0.8210
0.8495
0.8781
0.9065
0.9349
0.9632
0.9913
1.0194
1.0472
1.0749
1.1025
1.1298
1.1569
1.1838
1.2105
1.2369
1.2630
1.2889
1.3144
1.3397
1.3647
1.3894
1.4137
1.4377
1.4614
1.4847
1.5077
1.5304
1.5526
1.5746
1.5961
1.6173
1.6381
1.6586
1.6787
1.6984
1.7178
1.7368
1.7554
1.7737
1.7916
1.8091
1.8263
1.8432
1.8597
1.8758
1.8916
1.9071
1.9222
1.9370
1.9515
1.9657
1.9795
1.9931
2.0063
2.0193
2.0319
2.0443
2.0564
