0.7501
0.7531
0.7561
0.7591
0.7621
0.7652
0.7682
0.7713
0.7744
0.7775
0.7807
0.7838
0.7870
0.7902
0.7934
0.7966
0.7998
0.8031
0.8064
0.8096
0.8129
0.8162
0.8195
0.8229
0.8262
0.8296
0.8329
0.8363
0.8397
0.8431
0.8465
0.8499
0.8533
0.8567
0.8602
0.8636
0.8671
0.8705
0.8740
0.8774
0.8809
0.8844
0.8879
0.8914
0.8948
0.8983
0.9018
0.9053
0.9088
0.9123
0.9158
0.9193
0.9227
0.9262
0.9297
0.9332
0.9367
0.9401
0.9436
0.9471
0.9505
0.9540
0.9574
0.9609
0.9643
0.9677
0.9711
0.9746
0.9779
0.9813
0.9847
0.9881
0.9914
0.9948
0.9981
1.0014
1.0048
1.0080
1.0113
1.0146
1.0179
1.0211
1.0243
1.0275
1.0307
1.0339
1.0371
1.0402
1.0433
1.0464
1.0495
1.0526
1.0557
1.0587
1.0617
1.0647
1.0677
1.0707
1.0736
1.0765
1.0794